order           Size            NE              GradError       L2Error          hmin
1               359             1240            3.450296346     0.6343717863    0.7683380631    
2               2217            1240            1.032203882     0.111766787     0.7683380631    
1               2217            9920            1.756975882     0.1867996792    0.3841690315    
2               15393           9920            0.2870520559    0.01834211413   0.3841690315    
1               15393           79360           0.9123224018    0.04927305556   0.1920845158    
2               114305          79360           0.07519015942   0.002443502413  0.1920845158    
order           Size            NE              GradError       L2Error          hmin
1               359             1240            3.450296346     0.6343717863    0.7683380631    
2               2217            1240            1.032203882     0.111766787     0.7683380631    
3               6815            1240            0.3039095294    0.02221040351   0.7683380631    
4               14153           1240            0.07321444338   0.004271069932  0.7683380631    
5               24231           1240            0.02037864692   0.0008566798446 0.7683380631    
1               2217            9920            1.756975882     0.1867996792    0.3841690315    
2               15393           9920            0.2870520559    0.01834211413   0.3841690315    
3               49449           9920            0.04498939634   0.001870658673  0.3841690315    
4               104385          9920            0.006512323792  0.0001993134816 0.3841690315    
5               180201          9920            0.0009969500028 2.201234501e-05 0.3841690315    
1               15393           79360           0.9123224018    0.04927305556   0.1920845158    
2               114305          79360           0.07519015942   0.002443502413  0.1920845158    
3               376097          79360           0.00636789363   0.0001306548054 0.1920845158 
order           Size            NE              GradError       L2Error          hmin
1               359             1240            3.450296346     0.6343717863    0.7683380631    
order           Size            NE              GradError       L2Error          hmin
2               2217            1240            1.032203882     0.111766787     0.7683380631    
order           Size            NE              GradError       L2Error          hmin
3               6815            1240            0.3039095294    0.02221040351   0.7683380631    
order           Size            NE              GradError       L2Error          hmin
1               463             1784            1.405776008     0.2422212033    0.3551871769    
order           Size            NE              GradError       L2Error          hmin
2               3001            1784            0.2286872489    0.02056588045   0.3551871769    
order           Size            NE              GradError       L2Error          hmin
3               9399            1784            0.03348874496   0.001895511403  0.3551871769    
order           Size            NE              GradError       L2Error          hmin
4               19657           1784            0.004697159716  0.0001968781193 0.3551871769    
order           Size            NE              GradError       L2Error          hmin
5               33775           1784            0.0006834276327 2.128907532e-05 0.3551871769    
order           Size            NE              GradError       L2Error          hmin
1               3001            14272           0.7758201573    0.06692720388   0.1775935885    
order           Size            NE              GradError       L2Error          hmin
2               21441           14272           0.06262487013   0.002708782813  0.1775935885    
order           Size            NE              GradError       L2Error          hmin
3               69593           14272           0.004983349845  0.0001402664842 0.1775935885    
order           Size            NE              GradError       L2Error          hmin
4               147457          14272           0.0003717082496 8.102003601e-06 0.1775935885    
order           Size            NE              GradError       L2Error          hmin
5               255033          14272           2.994756408e-05 4.876362883e-07 0.1775935885    
order           Size            NE              GradError       L2Error          hmin
1               21441           114176          0.4034941301    0.01708931027   0.08879679423   
order           Size            NE              GradError       L2Error          hmin
2               161729          114176          0.01603968305   0.000342660077  0.08879679423   
order           Size            NE              GradError       L2Error          hmin
3               535041          114176          0.0006704691777 9.299176468e-06 0.08879679423   
order           Size            NE              GradError       L2Error          hmin
          1               463             1784            1.405776008     0.2422212033    0.3551871769    
2               3001            1784            0.2286872489    0.02056588045   0.3551871769    
3               9399            1784            0.03348874496   0.001895511403  0.3551871769    
4               19657           1784            0.004697159716  0.0001968781193 0.3551871769    
5               33775           1784            0.0006834276327 2.128907532e-05 0.3551871769    
1               3001            14272           0.7758201573    0.06692720388   0.1775935885    
2               21441           14272           0.06262487013   0.002708782813  0.1775935885    
3               69593           14272           0.004983349845  0.0001402664842 0.1775935885    
4               147457          14272           0.0003717082496 8.102003601e-06 0.1775935885    
5               255033          14272           2.994756408e-05 4.876362883e-07 0.1775935885    
1               21441           114176          0.4034941301    0.01708931027   0.08879679423   
2               161729          114176          0.01603968305   0.000342660077  0.08879679423   
3               535041          114176          0.0006704691777 9.299176468e-06 0.08879679423   
